275 80
304 80
265 81
314 81
257 82
320 82
251 83
326 83
246 84
330 84
241 85
334 85
237 86
338 86
233 87
341 87
229 88
344 88
226 89
347 89
222 90
350 90
219 91
353 91
216 92
355 92
213 93
358 93
211 94
360 94
208 95
363 95
206 96
365 96
203 97
367 97
201 98
369 98
199 99
371 99
196 100
373 100
194 101
375 101
192 102
377 102
190 103
379 103
188 104
381 104
186 105
384 106
183 107
386 107
181 108
388 108
179 109
391 110
176 111
393 111
174 112
396 113
171 114
399 115
168 116
166 117
402 117
405 119
162 120
408 121
159 122
412 124
155 125
415 126
150 129
419 129
423 132
145 133
427 135
140 138
431 138
137 140
435 141
439 144
132 145
443 147
446 149
127 150
449 151
452 153
122 155
455 155
458 157
461 159
118 160
463 160
466 162
468 163
470 164
113 165
473 166
475 167
477 168
479 169
108 170
481 170
484 171
107 172
486 172
488 173
491 174
493 175
496 176
102 177
499 177
502 178
506 179
510 180
515 181
97 182
532 182
553 183
96 184
605 184
91 189
87 194
82 199
79 203
74 208
72 211
67 216
66 218
61 224
57 229
53 234
50 238
46 243
44 246
41 250
